240 240 240 240 240 240 240 240 240 240 240 240 240 240 240 240
240 240 240 240 240 240 240 240 240 240 240 240 240 240 240 240
240 240 240 240 240 240 240 240 240 240 240 240 240 240 240 240
240 240 240 240 240 240 240 240 240 240 240 240 240 240 240 240
240 240 240 240 240 240 240 240 240 240 240   0   0 240 240 240
240 240 240 240 240 240 240 240 240 240   0   0 240 240 240 240
240 240 240 240 240 240 240 240   0   0   0 240 240 240 240 240
240 240 240 240 240 240   0   0   0   0   0 240 240 240 240 240
240 240 240 240  64   0   0   0   0   0 240 240 240 240 240 240
240 240 240 240 240 240   0   0   0 240 240 240 240 240 240 240
240 240 240 240 240   0   0   0   0 240 240 240 240 240 240 240
240 240 240 240   0   0 240   0 240 240 240 240 240 240 240 240
240 240 240   0   0 240 240   0 240 240 240 240 240 240 240 240
240 240   0   0 240 240 240 240 240 240 240 240 240 240 240 240
240 240   0 240 240 240 240 240 240 240 240 240 240 240 240 240
240 240 240 240 240 240 240 240 240 240 240 240 240 240 240 240
240 240 240 240 240 240 240 240 240 240 240 240 240 240 240 240
240 240 240 240 240 240 240 240 240 240 240 240 240 240 240 240
240 240 240 240 240 240 240 240 240 240 240 240 240 240 240 240
240 240 240 240 240 240 240 240 240 240 240 240 240 240 240 240
240 240 240 240 240 240 240 240 240 240 240   0   0 240 240 240
240 240 240 240 240 240 240 240 240 240   0   0 240 240 240 240
240 240 240 240 240 240 240 240   0   0   0 240 240 240 240 240
240 240 240 240 240 240   0   0   0   0   0 240 240 240 240 240
240 240 240 240  64   0   0   0   0   0 240 240 240 240 240 240
240 240 240 240 240 240   0   0   0 240 240 240 240 240 240 240
240 240 240 240 240   0   0   0   0 240 240 240 240 240 240 240
240 240 240 240   0   0 240   0 240 240 240 240 240 240 240 240
240 240 240   0   0 240 240   0 240 240 240 240 240 240 240 240
240 240   0   0 240 240 240 240 240 240 240 240 240 240 240 240
240 240   0 240 240 240 240 240 240 240 240 240 240 240 240 240
240 240 240 240 240 240 240 240 240 240 240 240 240 240 240 240
240 240 240 240 240 240 240 240 240 240 240 240 240 240 240 240
240 240 240 240 240 240 240 240 240 240 240 240 240 240 240 240
240 240 240 240 240 240 240 240 240 240 240 240 240 240 240 240
240 240 240 240 240 240 240 240 240 240 240 240 240 240 240 240
240 240 240 240 240 240 240 240 240 240 240   0   0 240 240 240
240 240 240 240 240 240 240 240 240 240   0   0 240 240 240 240
240 240 240 240 240 240 240 240   0   0   0 240 240 240 240 240
240 240 240 240 240 240   0   0   0   0   0 240 240 240 240 240
240 240 240 240  64   0   0   0   0   0 240 240 240 240 240 240
240 240 240 240 240 240   0   0   0 240 240 240 240 240 240 240
240 240 240 240 240   0   0   0   0 240 240 240 240 240 240 240
240 240 240 240   0   0 240   0 240 240 240 240 240 240 240 240
240 240 240   0   0 240 240   0 240 240 240 240 240 240 240 240
240 240   0   0 240 240 240 240 240 240 240 240 240 240 240 240
240 240   0 240 240 240 240 240 240 240 240 240 240 240 240 240
240 240 240 240 240 240 240 240 240 240 240 240 240 240 240 240

240 240 240 240 240 240 240 240 240 240 240 240 240 240 240 240
240 240 240 240 240 240 240 240 240 240 240 240 240 240 240 240
240 240 240 240 240 240 240 240 240 240 240 240 240 240 240 240
240 240 240 240   0 240 240 240 240 240 240 240 240 240 240 240
240 240 240 240   0   0 240 240 240 240 240 240 240 240 240 240
240 240 240 240 240   0   0   0 240 240 240 240 240 240 240 240
240 240 240 240 240 240   0   0   0 240 240 240 240 240 240 240
240 240 240 240 240 240   0   0   0   0   0 240 240 240 240 240
240 240 240 240 240 240 240   0   0   0   0   0   0 240 240 240
240 240 240 240 240 240 240   0   0   0   0 240 240 240 240 240
240 240 240 240 240 240 240 240   0 240   0   0 240 240 240 240
240 240 240 240 240 240 240 240  64 240 240   0   0 240 240 240
240 240 240 240 240 240 240 240 240 240 240 240   0   0 240 240
240 240 240 240 240 240 240 240 240 240 240 240 240   0   0 240
240 240 240 240 240 240 240 240 240 240 240 240 240 240 240 240
240 240 240 240 240 240 240 240 240 240 240 240 240 240 240 240
240 240 240 240 240 240 240 240 240 240 240 240 240 240 240 240
240 240 240 240 240 240 240 240 240 240 240 240 240 240 240 240
240 240 240 240 240 240 240 240 240 240 240 240 240 240 240 240
240 240 240 240   0 240 240 240 240 240 240 240 240 240 240 240
240 240 240 240   0   0 240 240 240 240 240 240 240 240 240 240
240 240 240 240 240   0   0   0 240 240 240 240 240 240 240 240
240 240 240 240 240 240   0   0   0 240 240 240 240 240 240 240
240 240 240 240 240 240   0   0   0   0   0 240 240 240 240 240
240 240 240 240 240 240 240   0   0   0   0   0   0 240 240 240
240 240 240 240 240 240 240   0   0   0   0 240 240 240 240 240
240 240 240 240 240 240 240 240   0 240   0   0 240 240 240 240
240 240 240 240 240 240 240 240  64 240 240   0   0 240 240 240
240 240 240 240 240 240 240 240 240 240 240 240   0   0 240 240
240 240 240 240 240 240 240 240 240 240 240 240 240   0   0 240
240 240 240 240 240 240 240 240 240 240 240 240 240 240 240 240
240 240 240 240 240 240 240 240 240 240 240 240 240 240 240 240
240 240 240 240 240 240 240 240 240 240 240 240 240 240 240 240
240 240 240 240 240 240 240 240 240 240 240 240 240 240 240 240
240 240 240 240 240 240 240 240 240 240 240 240 240 240 240 240
240 240 240 240   0 240 240 240 240 240 240 240 240 240 240 240
240 240 240 240   0   0 240 240 240 240 240 240 240 240 240 240
240 240 240 240 240   0   0   0 240 240 240 240 240 240 240 240
240 240 240 240 240 240   0   0   0 240 240 240 240 240 240 240
240 240 240 240 240 240   0   0   0   0   0 240 240 240 240 240
240 240 240 240 240 240 240   0   0   0   0   0   0 240 240 240
240 240 240 240 240 240 240   0   0   0   0 240 240 240 240 240
240 240 240 240 240 240 240 240   0 240   0   0 240 240 240 240
240 240 240 240 240 240 240 240  64 240 240   0   0 240 240 240
240 240 240 240 240 240 240 240 240 240 240 240   0   0 240 240
240 240 240 240 240 240 240 240 240 240 240 240 240   0   0 240
240 240 240 240 240 240 240 240 240 240 240 240 240 240 240 240
240 240 240 240 240 240 240 240 240 240 240 240 240 240 240 240

240 240 240 240 240 240 240 240 240 240 240 240 240 240 240 240
240 240 240 240 240 240 240 240 240 240 240 240 240   0 240 240
240 240 240 240 240 240 240 240 240 240 240 240   0   0 240 240
240 240 240 240 240 240 240 240   0 240 240   0   0 240 240 240
240 240 240 240 240 240 240 240   0 240   0   0 240 240 240 240
240 240 240 240 240 240 240   0   0   0   0 240 240 240 240 240
240 240 240 240 240 240 240   0   0   0 240 240 240 240 240 240
240 240 240 240 240 240   0   0   0   0   0  64 240 240 240 240
240 240 240 240 240   0   0   0   0   0 240 240 240 240 240 240
240 240 240 240 240   0   0   0 240 240 240 240 240 240 240 240
240 240 240 240   0   0 240 240 240 240 240 240 240 240 240 240
240 240 240   0   0 240 240 240 240 240 240 240 240 240 240 240
240 240 240 240 240 240 240 240 240 240 240 240 240 240 240 240
240 240 240 240 240 240 240 240 240 240 240 240 240 240 240 240
240 240 240 240 240 240 240 240 240 240 240 240 240 240 240 240
240 240 240 240 240 240 240 240 240 240 240 240 240 240 240 240
240 240 240 240 240 240 240 240 240 240 240 240 240 240 240 240
240 240 240 240 240 240 240 240 240 240 240 240 240   0 240 240
240 240 240 240 240 240 240 240 240 240 240 240   0   0 240 240
240 240 240 240 240 240 240 240   0 240 240   0   0 240 240 240
240 240 240 240 240 240 240 240   0 240   0   0 240 240 240 240
240 240 240 240 240 240 240   0   0   0   0 240 240 240 240 240
240 240 240 240 240 240 240   0   0   0 240 240 240 240 240 240
240 240 240 240 240 240   0   0   0   0   0  64 240 240 240 240
240 240 240 240 240   0   0   0   0   0 240 240 240 240 240 240
240 240 240 240 240   0   0   0 240 240 240 240 240 240 240 240
240 240 240 240   0   0 240 240 240 240 240 240 240 240 240 240
240 240 240   0   0 240 240 240 240 240 240 240 240 240 240 240
240 240 240 240 240 240 240 240 240 240 240 240 240 240 240 240
240 240 240 240 240 240 240 240 240 240 240 240 240 240 240 240
240 240 240 240 240 240 240 240 240 240 240 240 240 240 240 240
240 240 240 240 240 240 240 240 240 240 240 240 240 240 240 240
240 240 240 240 240 240 240 240 240 240 240 240 240 240 240 240
240 240 240 240 240 240 240 240 240 240 240 240 240   0 240 240
240 240 240 240 240 240 240 240 240 240 240 240   0   0 240 240
240 240 240 240 240 240 240 240   0 240 240   0   0 240 240 240
240 240 240 240 240 240 240 240   0 240   0   0 240 240 240 240
240 240 240 240 240 240 240   0   0   0   0 240 240 240 240 240
240 240 240 240 240 240 240   0   0   0 240 240 240 240 240 240
240 240 240 240 240 240   0   0   0   0   0  64 240 240 240 240
240 240 240 240 240   0   0   0   0   0 240 240 240 240 240 240
240 240 240 240 240   0   0   0 240 240 240 240 240 240 240 240
240 240 240 240   0   0 240 240 240 240 240 240 240 240 240 240
240 240 240   0   0 240 240 240 240 240 240 240 240 240 240 240
240 240 240 240 240 240 240 240 240 240 240 240 240 240 240 240
240 240 240 240 240 240 240 240 240 240 240 240 240 240 240 240
240 240 240 240 240 240 240 240 240 240 240 240 240 240 240 240
240 240 240 240 240 240 240 240 240 240 240 240 240 240 240 240

240 240 240 240 240 240 240 240 240 240 240 240 240 240 240 240
240 240 240 240 240 240 240 240 240 240 240 240 240 240 240 240
240   0   0 240 240 240 240 240 240 240 240 240 240 240 240 240
240 240   0   0 240 240 240 240 240 240 240 240 240 240 240 240
240 240 240   0   0 240 240  64 240 240 240 240 240 240 240 240
240 240 240 240   0   0 240   0 240 240 240 240 240 240 240 240
240 240 240 240 240   0   0   0   0 240 240 240 240 240 240 240
240 240 240   0   0   0   0   0   0 240 240 240 240 240 240 240
240 240 240 240 240   0   0   0   0   0 240 240 240 240 240 240
240 240 240 240 240 240 240   0   0   0 240 240 240 240 240 240
240 240 240 240 240 240 240 240   0   0   0 240 240 240 240 240
240 240 240 240 240 240 240 240 240 240   0   0 240 240 240 240
240 240 240 240 240 240 240 240 240 240 240   0 240 240 240 240
240 240 240 240 240 240 240 240 240 240 240 240 240 240 240 240
240 240 240 240 240 240 240 240 240 240 240 240 240 240 240 240
240 240 240 240 240 240 240 240 240 240 240 240 240 240 240 240
240 240 240 240 240 240 240 240 240 240 240 240 240 240 240 240
240 240 240 240 240 240 240 240 240 240 240 240 240 240 240 240
240   0   0 240 240 240 240 240 240 240 240 240 240 240 240 240
240 240   0   0 240 240 240 240 240 240 240 240 240 240 240 240
240 240 240   0   0 240 240  64 240 240 240 240 240 240 240 240
240 240 240 240   0   0 240   0 240 240 240 240 240 240 240 240
240 240 240 240 240   0   0   0   0 240 240 240 240 240 240 240
240 240 240   0   0   0   0   0   0 240 240 240 240 240 240 240
240 240 240 240 240   0   0   0   0   0 240 240 240 240 240 240
240 240 240 240 240 240 240   0   0   0 240 240 240 240 240 240
240 240 240 240 240 240 240 240   0   0   0 240 240 240 240 240
240 240 240 240 240 240 240 240 240 240   0   0 240 240 240 240
240 240 240 240 240 240 240 240 240 240 240   0 240 240 240 240
240 240 240 240 240 240 240 240 240 240 240 240 240 240 240 240
240 240 240 240 240 240 240 240 240 240 240 240 240 240 240 240
240 240 240 240 240 240 240 240 240 240 240 240 240 240 240 240
240 240 240 240 240 240 240 240 240 240 240 240 240 240 240 240
240 240 240 240 240 240 240 240 240 240 240 240 240 240 240 240
240   0   0 240 240 240 240 240 240 240 240 240 240 240 240 240
240 240   0   0 240 240 240 240 240 240 240 240 240 240 240 240
240 240 240   0   0 240 240  64 240 240 240 240 240 240 240 240
240 240 240 240   0   0 240   0 240 240 240 240 240 240 240 240
240 240 240 240 240   0   0   0   0 240 240 240 240 240 240 240
240 240 240   0   0   0   0   0   0 240 240 240 240 240 240 240
240 240 240 240 240   0   0   0   0   0 240 240 240 240 240 240
240 240 240 240 240 240 240   0   0   0 240 240 240 240 240 240
240 240 240 240 240 240 240 240   0   0   0 240 240 240 240 240
240 240 240 240 240 240 240 240 240 240   0   0 240 240 240 240
240 240 240 240 240 240 240 240 240 240 240   0 240 240 240 240
240 240 240 240 240 240 240 240 240 240 240 240 240 240 240 240
240 240 240 240 240 240 240 240 240 240 240 240 240 240 240 240
240 240 240 240 240 240 240 240 240 240 240 240 240 240 240 240
