240 240 240 240 240 240 240 240 240 240 240 240 240 240 240 240
240 240 240 240 240 240 240 240 240 240 240 240 240 240 240 240
240 240 240 240 240 240 240 240 240 240 240 240 240 240 240 240
240 240 240 240 240 240 240 240 240 240 240 240 240 240 240 240
240 240 240 240 240 240 240 240 240 240 240 240 240 240 240 240
240 240 240 240 240 240 240 240 240 240 240 240 240 240 240 240
240  10  10  10 240 240  10  10  10 240 240 240 240 240 240 240
240 240  10 240 240 240  10 240 240 240 240 240 240 240 240 240
240 240  10 240 240  10 240 240 240 240 240 240 240 240 240 240
240 240  10 240  10 240 240 240 240 240 240 240 240 240 240 240
240 240  10  10  12 240 240 240 240 240 240 240 240 240 240 240
240 240  10 240  10  12 240 240 240 240 240 240 240 240 240 240
240 240  10 240 240  10   6 240 240 240 240 240 240 240 240 240
240 240  10 240 240 240  10  13 240 240 240 240 240 240 240 240
240 240  10 240 240 240 241  10  10 240 240 240 240 240 240 240
240 240 240 240 240 240 240 240 240 240 240 240 240 240 240 240
240 240 240 240 240 240 240 240 240 240 240 240 240 240 240 240
240 240 240 240 240 240 240 240 240 240 240 240 240 240 240 240
240 240 240 240 240 240 240 240 240 240 240 240 240 240 240 240
240 240 240 240 240 240 240 240 240 240 240 240 240 240 240 240
240 240 240 240 240 240 240 240 240 240 240 240 240 240 240 240
240 240 240 240 240 240 240 240 240 240 240 240 240 240 240 240
240  10  10  10 240 240  10  10  10 240 240 240 240 240 240 240
240 240  10 240 240 240  10 240 240 240 240 240 240 240 240 240
240 240  10 240 240  10 240 240 240 240 240 240 240 240 240 240
240 240  10 240  10 240 240 240 240 240 240 240 240 240 240 240
240 240  10  10  12 240 240 240 240 240 240 240 240 240 240 240
240 240  10 240  10  12 240 240 240 240 240 240 240 240 240 240
240 240  10 240 240  10   6 240 240 240 240 240 240 240 240 240
240 240  10 240 240 240  10  13 240 240 240 240 240 240 240 240
240 240  10 240 240 240 241  10  10 240 240 240 240 240 240 240
240 240 240 240 240 240 240 240 240 240 240 240 240 240 240 240
240 240 240 240 240 240 240 240 240 240 240 240 240 240 240 240
240 240 240 240 240 240 240 240 240 240 240 240 240 240 240 240
240 240 240 240 240 240 240 240 240 240 240 240 240 240 240 240
240 240 240 240 240 240 240 240 240 240 240 240 240 240 240 240
240 240 240 240 240 240 240 240 240 240 240 240 240 240 240 240
240 240 240 240 240 240 240 240 240 240 240 240 240 240 240 240
240  10  10  10 240 240  10  10  10 240 240 240 240 240 240 240
240 240  10 240 240 240  10 240 240 240 240 240 240 240 240 240
240 240  10 240 240  10 240 240 240 240 240 240 240 240 240 240
240 240  10 240  10 240 240 240 240 240 240 240 240 240 240 240
240 240  10  10  12 240 240 240 240 240 240 240 240 240 240 240
240 240  10 240  10  12 240 240 240 240 240 240 240 240 240 240
240 240  10 240 240  10   6 240 240 240 240 240 240 240 240 240
240 240  10 240 240 240  10  13 240 240 240 240 240 240 240 240
240 240  10 240 240 240 241  10  10 240 240 240 240 240 240 240
240 240 240 240 240 240 240 240 240 240 240 240 240 240 240 240

240 240 240 240 240 240 240 240 240 240 240 240 240 240 240 240
240 240 240 240 240 240 240 240 240 240 240 240 240 240 240 240
240 240 240 240 240 240 240 240 240 240 240 240 240 240 240 240
240 240 240 240 240 240 240 240 240 240 240 240 240 240 240 240
240 240 240 240 240 240 240 240 240 240 240 240 240 240 240 240
240 240 240 240 240 240 240 240 240 240 240 240 240 240 240 240
240 240 240 240 240 240 240 240 240 240 240 240 240 240 240 240
240 240 240 240 240 240  10 240 240 240 240 240 240 240  10 240
240 240 240 240 240 240  10 240 240 240 240 240 240  13  10 240
240 240 240 240 240 240  10  10 240 240 240 240   6  10 241 240
240 240 240 240 240 240 240 240  10 240 240  12  10 240 240 240
240 240 240 240 240 240 240 240 240  10  12  10 240 240 240 240
240 240 240 240 240 240  10 240 240 240  10 240 240 240 240 240
240 240 240 240 240 240  10  10  10  10  10  10  10  10  10 240
240 240 240 240 240 240  10 240 240 240 240 240 240 240 240 240
240 240 240 240 240 240 240 240 240 240 240 240 240 240 240 240
240 240 240 240 240 240 240 240 240 240 240 240 240 240 240 240
240 240 240 240 240 240 240 240 240 240 240 240 240 240 240 240
240 240 240 240 240 240 240 240 240 240 240 240 240 240 240 240
240 240 240 240 240 240 240 240 240 240 240 240 240 240 240 240
240 240 240 240 240 240 240 240 240 240 240 240 240 240 240 240
240 240 240 240 240 240 240 240 240 240 240 240 240 240 240 240
240 240 240 240 240 240 240 240 240 240 240 240 240 240 240 240
240 240 240 240 240 240  10 240 240 240 240 240 240 240  10 240
240 240 240 240 240 240  10 240 240 240 240 240 240  13  10 240
240 240 240 240 240 240  10  10 240 240 240 240   6  10 241 240
240 240 240 240 240 240 240 240  10 240 240  12  10 240 240 240
240 240 240 240 240 240 240 240 240  10  12  10 240 240 240 240
240 240 240 240 240 240  10 240 240 240  10 240 240 240 240 240
240 240 240 240 240 240  10  10  10  10  10  10  10  10  10 240
240 240 240 240 240 240  10 240 240 240 240 240 240 240 240 240
240 240 240 240 240 240 240 240 240 240 240 240 240 240 240 240
240 240 240 240 240 240 240 240 240 240 240 240 240 240 240 240
240 240 240 240 240 240 240 240 240 240 240 240 240 240 240 240
240 240 240 240 240 240 240 240 240 240 240 240 240 240 240 240
240 240 240 240 240 240 240 240 240 240 240 240 240 240 240 240
240 240 240 240 240 240 240 240 240 240 240 240 240 240 240 240
240 240 240 240 240 240 240 240 240 240 240 240 240 240 240 240
240 240 240 240 240 240 240 240 240 240 240 240 240 240 240 240
240 240 240 240 240 240  10 240 240 240 240 240 240 240  10 240
240 240 240 240 240 240  10 240 240 240 240 240 240  13  10 240
240 240 240 240 240 240  10  10 240 240 240 240   6  10 241 240
240 240 240 240 240 240 240 240  10 240 240  12  10 240 240 240
240 240 240 240 240 240 240 240 240  10  12  10 240 240 240 240
240 240 240 240 240 240  10 240 240 240  10 240 240 240 240 240
240 240 240 240 240 240  10  10  10  10  10  10  10  10  10 240
240 240 240 240 240 240  10 240 240 240 240 240 240 240 240 240
240 240 240 240 240 240 240 240 240 240 240 240 240 240 240 240

240 240 240 240 240 240 240 240 240 240 240 240 240 240 240 240
240 240 240 240 240 240 240  10  10 241 240 240 240  10 240 240
240 240 240 240 240 240 240 240  13  10 240 240 240  10 240 240
240 240 240 240 240 240 240 240 240   6  10 240 240  10 240 240
240 240 240 240 240 240 240 240 240 240  12  10 240  10 240 240
240 240 240 240 240 240 240 240 240 240 240  12  10  10 240 240
240 240 240 240 240 240 240 240 240 240 240  10 240  10 240 240
240 240 240 240 240 240 240 240 240 240  10 240 240  10 240 240
240 240 240 240 240 240 240 240 240  10 240 240 240  10 240 240
240 240 240 240 240 240 240  10  10  10 240 240  10  10  10 240
240 240 240 240 240 240 240 240 240 240 240 240 240 240 240 240
240 240 240 240 240 240 240 240 240 240 240 240 240 240 240 240
240 240 240 240 240 240 240 240 240 240 240 240 240 240 240 240
240 240 240 240 240 240 240 240 240 240 240 240 240 240 240 240
240 240 240 240 240 240 240 240 240 240 240 240 240 240 240 240
240 240 240 240 240 240 240 240 240 240 240 240 240 240 240 240
240 240 240 240 240 240 240 240 240 240 240 240 240 240 240 240
240 240 240 240 240 240 240  10  10 241 240 240 240  10 240 240
240 240 240 240 240 240 240 240  13  10 240 240 240  10 240 240
240 240 240 240 240 240 240 240 240   6  10 240 240  10 240 240
240 240 240 240 240 240 240 240 240 240  12  10 240  10 240 240
240 240 240 240 240 240 240 240 240 240 240  12  10  10 240 240
240 240 240 240 240 240 240 240 240 240 240  10 240  10 240 240
240 240 240 240 240 240 240 240 240 240  10 240 240  10 240 240
240 240 240 240 240 240 240 240 240  10 240 240 240  10 240 240
240 240 240 240 240 240 240  10  10  10 240 240  10  10  10 240
240 240 240 240 240 240 240 240 240 240 240 240 240 240 240 240
240 240 240 240 240 240 240 240 240 240 240 240 240 240 240 240
240 240 240 240 240 240 240 240 240 240 240 240 240 240 240 240
240 240 240 240 240 240 240 240 240 240 240 240 240 240 240 240
240 240 240 240 240 240 240 240 240 240 240 240 240 240 240 240
240 240 240 240 240 240 240 240 240 240 240 240 240 240 240 240
240 240 240 240 240 240 240 240 240 240 240 240 240 240 240 240
240 240 240 240 240 240 240  10  10 241 240 240 240  10 240 240
240 240 240 240 240 240 240 240  13  10 240 240 240  10 240 240
240 240 240 240 240 240 240 240 240   6  10 240 240  10 240 240
240 240 240 240 240 240 240 240 240 240  12  10 240  10 240 240
240 240 240 240 240 240 240 240 240 240 240  12  10  10 240 240
240 240 240 240 240 240 240 240 240 240 240  10 240  10 240 240
240 240 240 240 240 240 240 240 240 240  10 240 240  10 240 240
240 240 240 240 240 240 240 240 240  10 240 240 240  10 240 240
240 240 240 240 240 240 240  10  10  10 240 240  10  10  10 240
240 240 240 240 240 240 240 240 240 240 240 240 240 240 240 240
240 240 240 240 240 240 240 240 240 240 240 240 240 240 240 240
240 240 240 240 240 240 240 240 240 240 240 240 240 240 240 240
240 240 240 240 240 240 240 240 240 240 240 240 240 240 240 240
240 240 240 240 240 240 240 240 240 240 240 240 240 240 240 240
240 240 240 240 240 240 240 240 240 240 240 240 240 240 240 240

240 240 240 240 240 240 240 240 240 240 240 240 240 240 240 240
240 240 240 240 240 240 240 240 240  10 240 240 240 240 240 240
240  10  10  10  10  10  10  10  10  10 240 240 240 240 240 240
240 240 240 240 240  10 240 240 240  10 240 240 240 240 240 240
240 240 240 240  10  12  10 240 240 240 240 240 240 240 240 240
240 240 240  10  12 240 240  10 240 240 240 240 240 240 240 240
240 241  10   6 240 240 240 240  10  10 240 240 240 240 240 240
240  10  13 240 240 240 240 240 240  10 240 240 240 240 240 240
240  10 240 240 240 240 240 240 240  10 240 240 240 240 240 240
240 240 240 240 240 240 240 240 240 240 240 240 240 240 240 240
240 240 240 240 240 240 240 240 240 240 240 240 240 240 240 240
240 240 240 240 240 240 240 240 240 240 240 240 240 240 240 240
240 240 240 240 240 240 240 240 240 240 240 240 240 240 240 240
240 240 240 240 240 240 240 240 240 240 240 240 240 240 240 240
240 240 240 240 240 240 240 240 240 240 240 240 240 240 240 240
240 240 240 240 240 240 240 240 240 240 240 240 240 240 240 240
240 240 240 240 240 240 240 240 240 240 240 240 240 240 240 240
240 240 240 240 240 240 240 240 240  10 240 240 240 240 240 240
240  10  10  10  10  10  10  10  10  10 240 240 240 240 240 240
240 240 240 240 240  10 240 240 240  10 240 240 240 240 240 240
240 240 240 240  10  12  10 240 240 240 240 240 240 240 240 240
240 240 240  10  12 240 240  10 240 240 240 240 240 240 240 240
240 241  10   6 240 240 240 240  10  10 240 240 240 240 240 240
240  10  13 240 240 240 240 240 240  10 240 240 240 240 240 240
240  10 240 240 240 240 240 240 240  10 240 240 240 240 240 240
240 240 240 240 240 240 240 240 240 240 240 240 240 240 240 240
240 240 240 240 240 240 240 240 240 240 240 240 240 240 240 240
240 240 240 240 240 240 240 240 240 240 240 240 240 240 240 240
240 240 240 240 240 240 240 240 240 240 240 240 240 240 240 240
240 240 240 240 240 240 240 240 240 240 240 240 240 240 240 240
240 240 240 240 240 240 240 240 240 240 240 240 240 240 240 240
240 240 240 240 240 240 240 240 240 240 240 240 240 240 240 240
240 240 240 240 240 240 240 240 240 240 240 240 240 240 240 240
240 240 240 240 240 240 240 240 240  10 240 240 240 240 240 240
240  10  10  10  10  10  10  10  10  10 240 240 240 240 240 240
240 240 240 240 240  10 240 240 240  10 240 240 240 240 240 240
240 240 240 240  10  12  10 240 240 240 240 240 240 240 240 240
240 240 240  10  12 240 240  10 240 240 240 240 240 240 240 240
240 241  10   6 240 240 240 240  10  10 240 240 240 240 240 240
240  10  13 240 240 240 240 240 240  10 240 240 240 240 240 240
240  10 240 240 240 240 240 240 240  10 240 240 240 240 240 240
240 240 240 240 240 240 240 240 240 240 240 240 240 240 240 240
240 240 240 240 240 240 240 240 240 240 240 240 240 240 240 240
240 240 240 240 240 240 240 240 240 240 240 240 240 240 240 240
240 240 240 240 240 240 240 240 240 240 240 240 240 240 240 240
240 240 240 240 240 240 240 240 240 240 240 240 240 240 240 240
240 240 240 240 240 240 240 240 240 240 240 240 240 240 240 240
240 240 240 240 240 240 240 240 240 240 240 240 240 240 240 240
