240 240 240 240 240 240 240 240 240 240 240 240 240 240 240 240
240 240 240 240 240 240 240 240 240 240 240 240 240 240 240 240
240 240 240 240 240 240 240 240 240 240 240 240 240 240 240 240
240 240 240 240 240 240 240 240 240 240 240 240 240 240 240 240
240 240 240 240 240 240 240 240 240 240 240 240 240 240 240 240
240 240 240 240 240 240 240 240 240 240 240 240 240 240 240 240
240 240  10  10  10 240 240 240 240 240 240 240 240 240 240 240
240  10 240 240 240 241 240 240 240 240 240 240 240 240 240 240
240  10 240 240 240 240 240 240 240 240 240 240 240 240 240 240
240  10  10 240 240 240 240 240 240 240 240 240 240 240 240 240
240 240   9  10  10 240 240 240 240 240 240 240 240 240 240 240
240 240 240 240  10  10  19 240 240 240 240 240 240 240 240 240
240 152 240 240 240 240  10 240 240 240 240 240 240 240 240 240
240  10 240 240 240 240  10 240 240 240 240 240 240 240 240 240
240  10  10 240 240  10 240 240 240 240 240 240 240 240 240 240
240 240 240 240 240 240 240 240 240 240 240 240 240 240 240 240
240 240 240 240 240 240 240 240 240 240 240 240 240 240 240 240
240 240 240 240 240 240 240 240 240 240 240 240 240 240 240 240
240 240 240 240 240 240 240 240 240 240 240 240 240 240 240 240
240 240 240 240 240 240 240 240 240 240 240 240 240 240 240 240
240 240 240 240 240 240 240 240 240 240 240 240 240 240 240 240
240 240 240 240 240 240 240 240 240 240 240 240 240 240 240 240
240 240  10  10  10 240 240 240 240 240 240 240 240 240 240 240
240  10 240 240 240 241 240 240 240 240 240 240 240 240 240 240
240  10 240 240 240 240 240 240 240 240 240 240 240 240 240 240
240  10  10 240 240 240 240 240 240 240 240 240 240 240 240 240
240 240   9  10  10 240 240 240 240 240 240 240 240 240 240 240
240 240 240 240  10  10  19 240 240 240 240 240 240 240 240 240
240 152 240 240 240 240  10 240 240 240 240 240 240 240 240 240
240  10 240 240 240 240  10 240 240 240 240 240 240 240 240 240
240  10  10 240 240  10 240 240 240 240 240 240 240 240 240 240
240 240 240 240 240 240 240 240 240 240 240 240 240 240 240 240
240 240 240 240 240 240 240 240 240 240 240 240 240 240 240 240
240 240 240 240 240 240 240 240 240 240 240 240 240 240 240 240
240 240 240 240 240 240 240 240 240 240 240 240 240 240 240 240
240 240 240 240 240 240 240 240 240 240 240 240 240 240 240 240
240 240 240 240 240 240 240 240 240 240 240 240 240 240 240 240
240 240 240 240 240 240 240 240 240 240 240 240 240 240 240 240
240 240  10  10  10 240 240 240 240 240 240 240 240 240 240 240
240  10 240 240 240 241 240 240 240 240 240 240 240 240 240 240
240  10 240 240 240 240 240 240 240 240 240 240 240 240 240 240
240  10  10 240 240 240 240 240 240 240 240 240 240 240 240 240
240 240   9  10  10 240 240 240 240 240 240 240 240 240 240 240
240 240 240 240  10  10  19 240 240 240 240 240 240 240 240 240
240 152 240 240 240 240  10 240 240 240 240 240 240 240 240 240
240  10 240 240 240 240  10 240 240 240 240 240 240 240 240 240
240  10  10 240 240  10 240 240 240 240 240 240 240 240 240 240
240 240 240 240 240 240 240 240 240 240 240 240 240 240 240 240

240 240 240 240 240 240 240 240 240 240 240 240 240 240 240 240
240 240 240 240 240 240 240 240 240 240 240 240 240 240 240 240
240 240 240 240 240 240 240 240 240 240 240 240 240 240 240 240
240 240 240 240 240 240 240 240 240 240 240 240 240 240 240 240
240 240 240 240 240 240 240 240 240 240 240 240 240 240 240 240
240 240 240 240 240 240 240 240 240 240 240 240 240 240 240 240
240 240 240 240 240 240 240 240 240 240 240 240 240 240 240 240
240 240 240 240 240 240 240 240 240 240 240 240 240 240 240 240
240 240 240 240 240 240 240 240 240 240 240 240 240 240 240 240
240 240 240 240 240 240 240 240 240 240 240  19  10  10 240 240
240 240 240 240 240 240 240 241 240 240 240  10 240 240  10 240
240 240 240 240 240 240  10 240 240 240  10  10 240 240 240 240
240 240 240 240 240 240  10 240 240 240  10 240 240 240 240 240
240 240 240 240 240 240  10 240 240  10   9 240 240 240  10 240
240 240 240 240 240 240 240  10  10  10 240 240 152  10  10 240
240 240 240 240 240 240 240 240 240 240 240 240 240 240 240 240
240 240 240 240 240 240 240 240 240 240 240 240 240 240 240 240
240 240 240 240 240 240 240 240 240 240 240 240 240 240 240 240
240 240 240 240 240 240 240 240 240 240 240 240 240 240 240 240
240 240 240 240 240 240 240 240 240 240 240 240 240 240 240 240
240 240 240 240 240 240 240 240 240 240 240 240 240 240 240 240
240 240 240 240 240 240 240 240 240 240 240 240 240 240 240 240
240 240 240 240 240 240 240 240 240 240 240 240 240 240 240 240
240 240 240 240 240 240 240 240 240 240 240 240 240 240 240 240
240 240 240 240 240 240 240 240 240 240 240 240 240 240 240 240
240 240 240 240 240 240 240 240 240 240 240  19  10  10 240 240
240 240 240 240 240 240 240 241 240 240 240  10 240 240  10 240
240 240 240 240 240 240  10 240 240 240  10  10 240 240 240 240
240 240 240 240 240 240  10 240 240 240  10 240 240 240 240 240
240 240 240 240 240 240  10 240 240  10   9 240 240 240  10 240
240 240 240 240 240 240 240  10  10  10 240 240 152  10  10 240
240 240 240 240 240 240 240 240 240 240 240 240 240 240 240 240
240 240 240 240 240 240 240 240 240 240 240 240 240 240 240 240
240 240 240 240 240 240 240 240 240 240 240 240 240 240 240 240
240 240 240 240 240 240 240 240 240 240 240 240 240 240 240 240
240 240 240 240 240 240 240 240 240 240 240 240 240 240 240 240
240 240 240 240 240 240 240 240 240 240 240 240 240 240 240 240
240 240 240 240 240 240 240 240 240 240 240 240 240 240 240 240
240 240 240 240 240 240 240 240 240 240 240 240 240 240 240 240
240 240 240 240 240 240 240 240 240 240 240 240 240 240 240 240
240 240 240 240 240 240 240 240 240 240 240 240 240 240 240 240
240 240 240 240 240 240 240 240 240 240 240  19  10  10 240 240
240 240 240 240 240 240 240 241 240 240 240  10 240 240  10 240
240 240 240 240 240 240  10 240 240 240  10  10 240 240 240 240
240 240 240 240 240 240  10 240 240 240  10 240 240 240 240 240
240 240 240 240 240 240  10 240 240  10   9 240 240 240  10 240
240 240 240 240 240 240 240  10  10  10 240 240 152  10  10 240
240 240 240 240 240 240 240 240 240 240 240 240 240 240 240 240

240 240 240 240 240 240 240 240 240 240 240 240 240 240 240 240
240 240 240 240 240 240 240 240 240 240  10 240 240  10  10 240
240 240 240 240 240 240 240 240 240  10 240 240 240 240  10 240
240 240 240 240 240 240 240 240 240  10 240 240 240 240 152 240
240 240 240 240 240 240 240 240 240  19  10  10 240 240 240 240
240 240 240 240 240 240 240 240 240 240 240  10  10   9 240 240
240 240 240 240 240 240 240 240 240 240 240 240 240  10  10 240
240 240 240 240 240 240 240 240 240 240 240 240 240 240  10 240
240 240 240 240 240 240 240 240 240 240 241 240 240 240  10 240
240 240 240 240 240 240 240 240 240 240 240  10  10  10 240 240
240 240 240 240 240 240 240 240 240 240 240 240 240 240 240 240
240 240 240 240 240 240 240 240 240 240 240 240 240 240 240 240
240 240 240 240 240 240 240 240 240 240 240 240 240 240 240 240
240 240 240 240 240 240 240 240 240 240 240 240 240 240 240 240
240 240 240 240 240 240 240 240 240 240 240 240 240 240 240 240
240 240 240 240 240 240 240 240 240 240 240 240 240 240 240 240
240 240 240 240 240 240 240 240 240 240 240 240 240 240 240 240
240 240 240 240 240 240 240 240 240 240  10 240 240  10  10 240
240 240 240 240 240 240 240 240 240  10 240 240 240 240  10 240
240 240 240 240 240 240 240 240 240  10 240 240 240 240 152 240
240 240 240 240 240 240 240 240 240  19  10  10 240 240 240 240
240 240 240 240 240 240 240 240 240 240 240  10  10   9 240 240
240 240 240 240 240 240 240 240 240 240 240 240 240  10  10 240
240 240 240 240 240 240 240 240 240 240 240 240 240 240  10 240
240 240 240 240 240 240 240 240 240 240 241 240 240 240  10 240
240 240 240 240 240 240 240 240 240 240 240  10  10  10 240 240
240 240 240 240 240 240 240 240 240 240 240 240 240 240 240 240
240 240 240 240 240 240 240 240 240 240 240 240 240 240 240 240
240 240 240 240 240 240 240 240 240 240 240 240 240 240 240 240
240 240 240 240 240 240 240 240 240 240 240 240 240 240 240 240
240 240 240 240 240 240 240 240 240 240 240 240 240 240 240 240
240 240 240 240 240 240 240 240 240 240 240 240 240 240 240 240
240 240 240 240 240 240 240 240 240 240 240 240 240 240 240 240
240 240 240 240 240 240 240 240 240 240  10 240 240  10  10 240
240 240 240 240 240 240 240 240 240  10 240 240 240 240  10 240
240 240 240 240 240 240 240 240 240  10 240 240 240 240 152 240
240 240 240 240 240 240 240 240 240  19  10  10 240 240 240 240
240 240 240 240 240 240 240 240 240 240 240  10  10   9 240 240
240 240 240 240 240 240 240 240 240 240 240 240 240  10  10 240
240 240 240 240 240 240 240 240 240 240 240 240 240 240  10 240
240 240 240 240 240 240 240 240 240 240 241 240 240 240  10 240
240 240 240 240 240 240 240 240 240 240 240  10  10  10 240 240
240 240 240 240 240 240 240 240 240 240 240 240 240 240 240 240
240 240 240 240 240 240 240 240 240 240 240 240 240 240 240 240
240 240 240 240 240 240 240 240 240 240 240 240 240 240 240 240
240 240 240 240 240 240 240 240 240 240 240 240 240 240 240 240
240 240 240 240 240 240 240 240 240 240 240 240 240 240 240 240
240 240 240 240 240 240 240 240 240 240 240 240 240 240 240 240

240 240 240 240 240 240 240 240 240 240 240 240 240 240 240 240
240  10  10 152 240 240  10  10  10 240 240 240 240 240 240 240
240  10 240 240 240   9  10 240 240  10 240 240 240 240 240 240
240 240 240 240 240  10 240 240 240  10 240 240 240 240 240 240
240 240 240 240  10  10 240 240 240  10 240 240 240 240 240 240
240  10 240 240  10 240 240 240 241 240 240 240 240 240 240 240
240 240  10  10  19 240 240 240 240 240 240 240 240 240 240 240
240 240 240 240 240 240 240 240 240 240 240 240 240 240 240 240
240 240 240 240 240 240 240 240 240 240 240 240 240 240 240 240
240 240 240 240 240 240 240 240 240 240 240 240 240 240 240 240
240 240 240 240 240 240 240 240 240 240 240 240 240 240 240 240
240 240 240 240 240 240 240 240 240 240 240 240 240 240 240 240
240 240 240 240 240 240 240 240 240 240 240 240 240 240 240 240
240 240 240 240 240 240 240 240 240 240 240 240 240 240 240 240
240 240 240 240 240 240 240 240 240 240 240 240 240 240 240 240
240 240 240 240 240 240 240 240 240 240 240 240 240 240 240 240
240 240 240 240 240 240 240 240 240 240 240 240 240 240 240 240
240  10  10 152 240 240  10  10  10 240 240 240 240 240 240 240
240  10 240 240 240   9  10 240 240  10 240 240 240 240 240 240
240 240 240 240 240  10 240 240 240  10 240 240 240 240 240 240
240 240 240 240  10  10 240 240 240  10 240 240 240 240 240 240
240  10 240 240  10 240 240 240 241 240 240 240 240 240 240 240
240 240  10  10  19 240 240 240 240 240 240 240 240 240 240 240
240 240 240 240 240 240 240 240 240 240 240 240 240 240 240 240
240 240 240 240 240 240 240 240 240 240 240 240 240 240 240 240
240 240 240 240 240 240 240 240 240 240 240 240 240 240 240 240
240 240 240 240 240 240 240 240 240 240 240 240 240 240 240 240
240 240 240 240 240 240 240 240 240 240 240 240 240 240 240 240
240 240 240 240 240 240 240 240 240 240 240 240 240 240 240 240
240 240 240 240 240 240 240 240 240 240 240 240 240 240 240 240
240 240 240 240 240 240 240 240 240 240 240 240 240 240 240 240
240 240 240 240 240 240 240 240 240 240 240 240 240 240 240 240
240 240 240 240 240 240 240 240 240 240 240 240 240 240 240 240
240  10  10 152 240 240  10  10  10 240 240 240 240 240 240 240
240  10 240 240 240   9  10 240 240  10 240 240 240 240 240 240
240 240 240 240 240  10 240 240 240  10 240 240 240 240 240 240
240 240 240 240  10  10 240 240 240  10 240 240 240 240 240 240
240  10 240 240  10 240 240 240 241 240 240 240 240 240 240 240
240 240  10  10  19 240 240 240 240 240 240 240 240 240 240 240
240 240 240 240 240 240 240 240 240 240 240 240 240 240 240 240
240 240 240 240 240 240 240 240 240 240 240 240 240 240 240 240
240 240 240 240 240 240 240 240 240 240 240 240 240 240 240 240
240 240 240 240 240 240 240 240 240 240 240 240 240 240 240 240
240 240 240 240 240 240 240 240 240 240 240 240 240 240 240 240
240 240 240 240 240 240 240 240 240 240 240 240 240 240 240 240
240 240 240 240 240 240 240 240 240 240 240 240 240 240 240 240
240 240 240 240 240 240 240 240 240 240 240 240 240 240 240 240
240 240 240 240 240 240 240 240 240 240 240 240 240 240 240 240
