240 240 240 240 240 240 240 240 240 240 240 240 240 240 240 240
240 240 240 240 240 240 240 240 240 240 240 240 240 240 240 240
240 240 240 240 240 240 240 240 240 240 240 240 240 240 240 240
240 240 240 240 240 240 240 240 240 240 240 240 240 240 240 240
240 240 240 240 240 240 240 240 240 240 240 240 240 240 240 240
240 240 240 240 240 240 240 240 240 240 240 240 240 240 240 240
240 240  10 111  68  10 227 240 240 240 240 240 240 240 240 240
240  10 240 240 240 240 240 240 240 240 240 240 240 240 240 240
240  10 238 240 240 240 239 240 240 240 240 240 240 240 240 240
240   9  10   9 240 240 240 240 240 240 240 240 240 240 240 240
240 240 240  10  10  10 240 240 240 240 240 240 240 240 240 240
240 240 240 240 240  10  10 240 240 240 240 240 240 240 240 240
240  10 240 240 240 242  10 240 240 240 240 240 240 240 240 240
240  10 240 240 240 240  10 240 240 240 240 240 240 240 240 240
240  10  10 240 239  10 240 240 240 240 240 240 240 240 240 240
240 240 240 240 240 240 240 240 240 240 240 240 240 240 240 240
240 240 240 240 240 240 240 240 240 240 240 240 240 240 240 240
240 240 240 240 240 240 240 240 240 240 240 240 240 240 240 240
240 240 240 240 240 240 240 240 240 240 240 240 240 240 240 240
240 240 240 240 240 240 240 240 240 240 240 240 240 240 240 240
240 240 240 240 240 240 240 240 240 240 240 240 240 240 240 240
240 240 240 240 240 240 240 240 240 240 240 240 240 240 240 240
240 240  10 111  68  10 227 240 240 240 240 240 240 240 240 240
240  10 240 240 240 240 240 240 240 240 240 240 240 240 240 240
240  10 238 240 240 240 239 240 240 240 240 240 240 240 240 240
240   9  10   9 240 240 240 240 240 240 240 240 240 240 240 240
240 240 240  10  10  10 240 240 240 240 240 240 240 240 240 240
240 240 240 240 240  10  10 240 240 240 240 240 240 240 240 240
240  10 240 240 240 242  10 240 240 240 240 240 240 240 240 240
240  10 240 240 240 240  10 240 240 240 240 240 240 240 240 240
240  10  10 240 239  10 240 240 240 240 240 240 240 240 240 240
240 240 240 240 240 240 240 240 240 240 240 240 240 240 240 240
240 240 240 240 240 240 240 240 240 240 240 240 240 240 240 240
240 240 240 240 240 240 240 240 240 240 240 240 240 240 240 240
240 240 240 240 240 240 240 240 240 240 240 240 240 240 240 240
240 240 240 240 240 240 240 240 240 240 240 240 240 240 240 240
240 240 240 240 240 240 240 240 240 240 240 240 240 240 240 240
240 240 240 240 240 240 240 240 240 240 240 240 240 240 240 240
240 240  10 111  68  10 227 240 240 240 240 240 240 240 240 240
240  10 240 240 240 240 240 240 240 240 240 240 240 240 240 240
240  10 238 240 240 240 239 240 240 240 240 240 240 240 240 240
240   9  10   9 240 240 240 240 240 240 240 240 240 240 240 240
240 240 240  10  10  10 240 240 240 240 240 240 240 240 240 240
240 240 240 240 240  10  10 240 240 240 240 240 240 240 240 240
240  10 240 240 240 242  10 240 240 240 240 240 240 240 240 240
240  10 240 240 240 240  10 240 240 240 240 240 240 240 240 240
240  10  10 240 239  10 240 240 240 240 240 240 240 240 240 240
240 240 240 240 240 240 240 240 240 240 240 240 240 240 240 240

240 240 240 240 240 240 240 240 240 240 240 240 240 240 240 240
240 240 240 240 240 240 240 240 240 240 240 240 240 240 240 240
240 240 240 240 240 240 240 240 240 240 240 240 240 240 240 240
240 240 240 240 240 240 240 240 240 240 240 240 240 240 240 240
240 240 240 240 240 240 240 240 240 240 240 240 240 240 240 240
240 240 240 240 240 240 240 240 240 240 240 240 240 240 240 240
240 240 240 240 240 240 240 240 240 240 240 240 240 240 240 240
240 240 240 240 240 240 240 240 240 240 240 240 240 240 240 240
240 240 240 240 240 240 240 240 240 240 240 240 240 240 240 240
240 240 240 240 240 240 227 240 239 240 240  10  10  10 240 240
240 240 240 240 240 240  10 240 240 240  10  10 242 240  10 240
240 240 240 240 240 240  68 240 240 240  10 240 240 240 239 240
240 240 240 240 240 240 111 240 240   9  10 240 240 240 240 240
240 240 240 240 240 240  10 240 238  10 240 240 240 240  10 240
240 240 240 240 240 240 240  10  10   9 240 240  10  10  10 240
240 240 240 240 240 240 240 240 240 240 240 240 240 240 240 240
240 240 240 240 240 240 240 240 240 240 240 240 240 240 240 240
240 240 240 240 240 240 240 240 240 240 240 240 240 240 240 240
240 240 240 240 240 240 240 240 240 240 240 240 240 240 240 240
240 240 240 240 240 240 240 240 240 240 240 240 240 240 240 240
240 240 240 240 240 240 240 240 240 240 240 240 240 240 240 240
240 240 240 240 240 240 240 240 240 240 240 240 240 240 240 240
240 240 240 240 240 240 240 240 240 240 240 240 240 240 240 240
240 240 240 240 240 240 240 240 240 240 240 240 240 240 240 240
240 240 240 240 240 240 240 240 240 240 240 240 240 240 240 240
240 240 240 240 240 240 227 240 239 240 240  10  10  10 240 240
240 240 240 240 240 240  10 240 240 240  10  10 242 240  10 240
240 240 240 240 240 240  68 240 240 240  10 240 240 240 239 240
240 240 240 240 240 240 111 240 240   9  10 240 240 240 240 240
240 240 240 240 240 240  10 240 238  10 240 240 240 240  10 240
240 240 240 240 240 240 240  10  10   9 240 240  10  10  10 240
240 240 240 240 240 240 240 240 240 240 240 240 240 240 240 240
240 240 240 240 240 240 240 240 240 240 240 240 240 240 240 240
240 240 240 240 240 240 240 240 240 240 240 240 240 240 240 240
240 240 240 240 240 240 240 240 240 240 240 240 240 240 240 240
240 240 240 240 240 240 240 240 240 240 240 240 240 240 240 240
240 240 240 240 240 240 240 240 240 240 240 240 240 240 240 240
240 240 240 240 240 240 240 240 240 240 240 240 240 240 240 240
240 240 240 240 240 240 240 240 240 240 240 240 240 240 240 240
240 240 240 240 240 240 240 240 240 240 240 240 240 240 240 240
240 240 240 240 240 240 240 240 240 240 240 240 240 240 240 240
240 240 240 240 240 240 227 240 239 240 240  10  10  10 240 240
240 240 240 240 240 240  10 240 240 240  10  10 242 240  10 240
240 240 240 240 240 240  68 240 240 240  10 240 240 240 239 240
240 240 240 240 240 240 111 240 240   9  10 240 240 240 240 240
240 240 240 240 240 240  10 240 238  10 240 240 240 240  10 240
240 240 240 240 240 240 240  10  10   9 240 240  10  10  10 240
240 240 240 240 240 240 240 240 240 240 240 240 240 240 240 240

240 240 240 240 240 240 240 240 240 240 240 240 240 240 240 240
240 240 240 240 240 240 240 240 240 240  10 239 240  10  10 240
240 240 240 240 240 240 240 240 240  10 240 240 240 240  10 240
240 240 240 240 240 240 240 240 240  10 242 240 240 240  10 240
240 240 240 240 240 240 240 240 240  10  10 240 240 240 240 240
240 240 240 240 240 240 240 240 240 240  10  10  10 240 240 240
240 240 240 240 240 240 240 240 240 240 240 240   9  10   9 240
240 240 240 240 240 240 240 240 240 239 240 240 240 238  10 240
240 240 240 240 240 240 240 240 240 240 240 240 240 240  10 240
240 240 240 240 240 240 240 240 240 227  10  68 111  10 240 240
240 240 240 240 240 240 240 240 240 240 240 240 240 240 240 240
240 240 240 240 240 240 240 240 240 240 240 240 240 240 240 240
240 240 240 240 240 240 240 240 240 240 240 240 240 240 240 240
240 240 240 240 240 240 240 240 240 240 240 240 240 240 240 240
240 240 240 240 240 240 240 240 240 240 240 240 240 240 240 240
240 240 240 240 240 240 240 240 240 240 240 240 240 240 240 240
240 240 240 240 240 240 240 240 240 240 240 240 240 240 240 240
240 240 240 240 240 240 240 240 240 240  10 239 240  10  10 240
240 240 240 240 240 240 240 240 240  10 240 240 240 240  10 240
240 240 240 240 240 240 240 240 240  10 242 240 240 240  10 240
240 240 240 240 240 240 240 240 240  10  10 240 240 240 240 240
240 240 240 240 240 240 240 240 240 240  10  10  10 240 240 240
240 240 240 240 240 240 240 240 240 240 240 240   9  10   9 240
240 240 240 240 240 240 240 240 240 239 240 240 240 238  10 240
240 240 240 240 240 240 240 240 240 240 240 240 240 240  10 240
240 240 240 240 240 240 240 240 240 227  10  68 111  10 240 240
240 240 240 240 240 240 240 240 240 240 240 240 240 240 240 240
240 240 240 240 240 240 240 240 240 240 240 240 240 240 240 240
240 240 240 240 240 240 240 240 240 240 240 240 240 240 240 240
240 240 240 240 240 240 240 240 240 240 240 240 240 240 240 240
240 240 240 240 240 240 240 240 240 240 240 240 240 240 240 240
240 240 240 240 240 240 240 240 240 240 240 240 240 240 240 240
240 240 240 240 240 240 240 240 240 240 240 240 240 240 240 240
240 240 240 240 240 240 240 240 240 240  10 239 240  10  10 240
240 240 240 240 240 240 240 240 240  10 240 240 240 240  10 240
240 240 240 240 240 240 240 240 240  10 242 240 240 240  10 240
240 240 240 240 240 240 240 240 240  10  10 240 240 240 240 240
240 240 240 240 240 240 240 240 240 240  10  10  10 240 240 240
240 240 240 240 240 240 240 240 240 240 240 240   9  10   9 240
240 240 240 240 240 240 240 240 240 239 240 240 240 238  10 240
240 240 240 240 240 240 240 240 240 240 240 240 240 240  10 240
240 240 240 240 240 240 240 240 240 227  10  68 111  10 240 240
240 240 240 240 240 240 240 240 240 240 240 240 240 240 240 240
240 240 240 240 240 240 240 240 240 240 240 240 240 240 240 240
240 240 240 240 240 240 240 240 240 240 240 240 240 240 240 240
240 240 240 240 240 240 240 240 240 240 240 240 240 240 240 240
240 240 240 240 240 240 240 240 240 240 240 240 240 240 240 240
240 240 240 240 240 240 240 240 240 240 240 240 240 240 240 240

240 240 240 240 240 240 240 240 240 240 240 240 240 240 240 240
240  10  10  10 240 240   9  10  10 240 240 240 240 240 240 240
240  10 240 240 240 240  10 238 240  10 240 240 240 240 240 240
240 240 240 240 240  10   9 240 240 111 240 240 240 240 240 240
240 239 240 240 240  10 240 240 240  68 240 240 240 240 240 240
240  10 240 242  10  10 240 240 240  10 240 240 240 240 240 240
240 240  10  10  10 240 240 239 240 227 240 240 240 240 240 240
240 240 240 240 240 240 240 240 240 240 240 240 240 240 240 240
240 240 240 240 240 240 240 240 240 240 240 240 240 240 240 240
240 240 240 240 240 240 240 240 240 240 240 240 240 240 240 240
240 240 240 240 240 240 240 240 240 240 240 240 240 240 240 240
240 240 240 240 240 240 240 240 240 240 240 240 240 240 240 240
240 240 240 240 240 240 240 240 240 240 240 240 240 240 240 240
240 240 240 240 240 240 240 240 240 240 240 240 240 240 240 240
240 240 240 240 240 240 240 240 240 240 240 240 240 240 240 240
240 240 240 240 240 240 240 240 240 240 240 240 240 240 240 240
240 240 240 240 240 240 240 240 240 240 240 240 240 240 240 240
240  10  10  10 240 240   9  10  10 240 240 240 240 240 240 240
240  10 240 240 240 240  10 238 240  10 240 240 240 240 240 240
240 240 240 240 240  10   9 240 240 111 240 240 240 240 240 240
240 239 240 240 240  10 240 240 240  68 240 240 240 240 240 240
240  10 240 242  10  10 240 240 240  10 240 240 240 240 240 240
240 240  10  10  10 240 240 239 240 227 240 240 240 240 240 240
240 240 240 240 240 240 240 240 240 240 240 240 240 240 240 240
240 240 240 240 240 240 240 240 240 240 240 240 240 240 240 240
240 240 240 240 240 240 240 240 240 240 240 240 240 240 240 240
240 240 240 240 240 240 240 240 240 240 240 240 240 240 240 240
240 240 240 240 240 240 240 240 240 240 240 240 240 240 240 240
240 240 240 240 240 240 240 240 240 240 240 240 240 240 240 240
240 240 240 240 240 240 240 240 240 240 240 240 240 240 240 240
240 240 240 240 240 240 240 240 240 240 240 240 240 240 240 240
240 240 240 240 240 240 240 240 240 240 240 240 240 240 240 240
240 240 240 240 240 240 240 240 240 240 240 240 240 240 240 240
240  10  10  10 240 240   9  10  10 240 240 240 240 240 240 240
240  10 240 240 240 240  10 238 240  10 240 240 240 240 240 240
240 240 240 240 240  10   9 240 240 111 240 240 240 240 240 240
240 239 240 240 240  10 240 240 240  68 240 240 240 240 240 240
240  10 240 242  10  10 240 240 240  10 240 240 240 240 240 240
240 240  10  10  10 240 240 239 240 227 240 240 240 240 240 240
240 240 240 240 240 240 240 240 240 240 240 240 240 240 240 240
240 240 240 240 240 240 240 240 240 240 240 240 240 240 240 240
240 240 240 240 240 240 240 240 240 240 240 240 240 240 240 240
240 240 240 240 240 240 240 240 240 240 240 240 240 240 240 240
240 240 240 240 240 240 240 240 240 240 240 240 240 240 240 240
240 240 240 240 240 240 240 240 240 240 240 240 240 240 240 240
240 240 240 240 240 240 240 240 240 240 240 240 240 240 240 240
240 240 240 240 240 240 240 240 240 240 240 240 240 240 240 240
240 240 240 240 240 240 240 240 240 240 240 240 240 240 240 240
