240 240 240 240 240 240 240 240 240 240 240 240 240 240 240 240
240 240 240 240 240 240 240 240 240 240 240 240 240 240 240 240
240 240 240 240 240 240 240 240 240 240 240 240 240 240 240 240
240 240 240 240 240 240 240 240 240 240 240 240 240 240 240 240
240 240 240 240 240 240 240 240 240 240 240 240 240 240 240 240
240 240 240 240 240 240 240 240 240 240 240 240 240 240 240 240
240 240 240 240 240 240 240 240 240 240 240 240 240 240 240 240
240 240 240 240  10  10 240 240 240 240 240 240 240 240 240 240
240 240 240 240   9  10 240 240 240 240 240 240 240 240 240 240
240 240 240 223 240  10  10 240 240 240 240 240 240 240 240 240
240 240 240  10 240 240  10 240 240 240 240 240 240 240 240 240
240 240 240 240 240 240  10 239 240 240 240 240 240 240 240 240
240 240  10 240 240 240 240  10 240 240 240 240 240 240 240 240
240 240 240 240 240 240 240  10 240 240 240 240 240 240 240 240
240  10 240 240 240 240 240  10  10 240 240 240 240 240 240 240
240 240 240 240 240 240 240 240 240 240 240 240 240 240 240 240
240 240 240 240 240 240 240 240 240 240 240 240 240 240 240 240
240 240 240 240 240 240 240 240 240 240 240 240 240 240 240 240
240 240 240 240 240 240 240 240 240 240 240 240 240 240 240 240
240 240 240 240 240 240 240 240 240 240 240 240 240 240 240 240
240 240 240 240 240 240 240 240 240 240 240 240 240 240 240 240
240 240 240 240 240 240 240 240 240 240 240 240 240 240 240 240
240 240 240 240 240 240 240 240 240 240 240 240 240 240 240 240
240 240 240 240  10  10 240 240 240 240 240 240 240 240 240 240
240 240 240 240   9  10 240 240 240 240 240 240 240 240 240 240
240 240 240 223 240  10  10 240 240 240 240 240 240 240 240 240
240 240 240  10 240 240  10 240 240 240 240 240 240 240 240 240
240 240 240 240 240 240  10 239 240 240 240 240 240 240 240 240
240 240  10 240 240 240 240  10 240 240 240 240 240 240 240 240
240 240 240 240 240 240 240  10 240 240 240 240 240 240 240 240
240  10 240 240 240 240 240  10  10 240 240 240 240 240 240 240
240 240 240 240 240 240 240 240 240 240 240 240 240 240 240 240
240 240 240 240 240 240 240 240 240 240 240 240 240 240 240 240
240 240 240 240 240 240 240 240 240 240 240 240 240 240 240 240
240 240 240 240 240 240 240 240 240 240 240 240 240 240 240 240
240 240 240 240 240 240 240 240 240 240 240 240 240 240 240 240
240 240 240 240 240 240 240 240 240 240 240 240 240 240 240 240
240 240 240 240 240 240 240 240 240 240 240 240 240 240 240 240
240 240 240 240 240 240 240 240 240 240 240 240 240 240 240 240
240 240 240 240  10  10 240 240 240 240 240 240 240 240 240 240
240 240 240 240   9  10 240 240 240 240 240 240 240 240 240 240
240 240 240 223 240  10  10 240 240 240 240 240 240 240 240 240
240 240 240  10 240 240  10 240 240 240 240 240 240 240 240 240
240 240 240 240 240 240  10 239 240 240 240 240 240 240 240 240
240 240  10 240 240 240 240  10 240 240 240 240 240 240 240 240
240 240 240 240 240 240 240  10 240 240 240 240 240 240 240 240
240  10 240 240 240 240 240  10  10 240 240 240 240 240 240 240
240 240 240 240 240 240 240 240 240 240 240 240 240 240 240 240

240 240 240 240 240 240 240 240 240 240 240 240 240 240 240 240
240 240 240 240 240 240 240 240 240 240 240 240 240 240 240 240
240 240 240 240 240 240 240 240 240 240 240 240 240 240 240 240
240 240 240 240 240 240 240 240 240 240 240 240 240 240 240 240
240 240 240 240 240 240 240 240 240 240 240 240 240 240 240 240
240 240 240 240 240 240 240 240 240 240 240 240 240 240 240 240
240 240 240 240 240 240 240 240 240 240 240 240 240 240 240 240
240 240 240 240 240 240 240 240 240 240 240 240 240 240  10 240
240 240 240 240 240 240 240 240 240 240 240 239  10  10  10 240
240 240 240 240 240 240 240 240 240  10  10  10 240 240 240 240
240 240 240 240 240 240 240  10  10  10 240 240 240 240 240 240
240 240 240 240 240 240 240  10   9 240 240 240 240 240 240 240
240 240 240 240 240 240 240 240 240 223  10 240 240 240 240 240
240 240 240 240 240 240 240 240 240 240 240 240  10 240 240 240
240 240 240 240 240 240 240 240 240 240 240 240 240 240  10 240
240 240 240 240 240 240 240 240 240 240 240 240 240 240 240 240
240 240 240 240 240 240 240 240 240 240 240 240 240 240 240 240
240 240 240 240 240 240 240 240 240 240 240 240 240 240 240 240
240 240 240 240 240 240 240 240 240 240 240 240 240 240 240 240
240 240 240 240 240 240 240 240 240 240 240 240 240 240 240 240
240 240 240 240 240 240 240 240 240 240 240 240 240 240 240 240
240 240 240 240 240 240 240 240 240 240 240 240 240 240 240 240
240 240 240 240 240 240 240 240 240 240 240 240 240 240 240 240
240 240 240 240 240 240 240 240 240 240 240 240 240 240  10 240
240 240 240 240 240 240 240 240 240 240 240 239  10  10  10 240
240 240 240 240 240 240 240 240 240  10  10  10 240 240 240 240
240 240 240 240 240 240 240  10  10  10 240 240 240 240 240 240
240 240 240 240 240 240 240  10   9 240 240 240 240 240 240 240
240 240 240 240 240 240 240 240 240 223  10 240 240 240 240 240
240 240 240 240 240 240 240 240 240 240 240 240  10 240 240 240
240 240 240 240 240 240 240 240 240 240 240 240 240 240  10 240
240 240 240 240 240 240 240 240 240 240 240 240 240 240 240 240
240 240 240 240 240 240 240 240 240 240 240 240 240 240 240 240
240 240 240 240 240 240 240 240 240 240 240 240 240 240 240 240
240 240 240 240 240 240 240 240 240 240 240 240 240 240 240 240
240 240 240 240 240 240 240 240 240 240 240 240 240 240 240 240
240 240 240 240 240 240 240 240 240 240 240 240 240 240 240 240
240 240 240 240 240 240 240 240 240 240 240 240 240 240 240 240
240 240 240 240 240 240 240 240 240 240 240 240 240 240 240 240
240 240 240 240 240 240 240 240 240 240 240 240 240 240  10 240
240 240 240 240 240 240 240 240 240 240 240 239  10  10  10 240
240 240 240 240 240 240 240 240 240  10  10  10 240 240 240 240
240 240 240 240 240 240 240  10  10  10 240 240 240 240 240 240
240 240 240 240 240 240 240  10   9 240 240 240 240 240 240 240
240 240 240 240 240 240 240 240 240 223  10 240 240 240 240 240
240 240 240 240 240 240 240 240 240 240 240 240  10 240 240 240
240 240 240 240 240 240 240 240 240 240 240 240 240 240  10 240
240 240 240 240 240 240 240 240 240 240 240 240 240 240 240 240

240 240 240 240 240 240 240 240 240 240 240 240 240 240 240 240
240 240 240 240 240 240 240  10  10 240 240 240 240 240  10 240
240 240 240 240 240 240 240 240  10 240 240 240 240 240 240 240
240 240 240 240 240 240 240 240  10 240 240 240 240  10 240 240
240 240 240 240 240 240 240 240 239  10 240 240 240 240 240 240
240 240 240 240 240 240 240 240 240  10 240 240  10 240 240 240
240 240 240 240 240 240 240 240 240  10  10 240 223 240 240 240
240 240 240 240 240 240 240 240 240 240  10   9 240 240 240 240
240 240 240 240 240 240 240 240 240 240  10  10 240 240 240 240
240 240 240 240 240 240 240 240 240 240 240 240 240 240 240 240
240 240 240 240 240 240 240 240 240 240 240 240 240 240 240 240
240 240 240 240 240 240 240 240 240 240 240 240 240 240 240 240
240 240 240 240 240 240 240 240 240 240 240 240 240 240 240 240
240 240 240 240 240 240 240 240 240 240 240 240 240 240 240 240
240 240 240 240 240 240 240 240 240 240 240 240 240 240 240 240
240 240 240 240 240 240 240 240 240 240 240 240 240 240 240 240
240 240 240 240 240 240 240 240 240 240 240 240 240 240 240 240
240 240 240 240 240 240 240  10  10 240 240 240 240 240  10 240
240 240 240 240 240 240 240 240  10 240 240 240 240 240 240 240
240 240 240 240 240 240 240 240  10 240 240 240 240  10 240 240
240 240 240 240 240 240 240 240 239  10 240 240 240 240 240 240
240 240 240 240 240 240 240 240 240  10 240 240  10 240 240 240
240 240 240 240 240 240 240 240 240  10  10 240 223 240 240 240
240 240 240 240 240 240 240 240 240 240  10   9 240 240 240 240
240 240 240 240 240 240 240 240 240 240  10  10 240 240 240 240
240 240 240 240 240 240 240 240 240 240 240 240 240 240 240 240
240 240 240 240 240 240 240 240 240 240 240 240 240 240 240 240
240 240 240 240 240 240 240 240 240 240 240 240 240 240 240 240
240 240 240 240 240 240 240 240 240 240 240 240 240 240 240 240
240 240 240 240 240 240 240 240 240 240 240 240 240 240 240 240
240 240 240 240 240 240 240 240 240 240 240 240 240 240 240 240
240 240 240 240 240 240 240 240 240 240 240 240 240 240 240 240
240 240 240 240 240 240 240 240 240 240 240 240 240 240 240 240
240 240 240 240 240 240 240  10  10 240 240 240 240 240  10 240
240 240 240 240 240 240 240 240  10 240 240 240 240 240 240 240
240 240 240 240 240 240 240 240  10 240 240 240 240  10 240 240
240 240 240 240 240 240 240 240 239  10 240 240 240 240 240 240
240 240 240 240 240 240 240 240 240  10 240 240  10 240 240 240
240 240 240 240 240 240 240 240 240  10  10 240 223 240 240 240
240 240 240 240 240 240 240 240 240 240  10   9 240 240 240 240
240 240 240 240 240 240 240 240 240 240  10  10 240 240 240 240
240 240 240 240 240 240 240 240 240 240 240 240 240 240 240 240
240 240 240 240 240 240 240 240 240 240 240 240 240 240 240 240
240 240 240 240 240 240 240 240 240 240 240 240 240 240 240 240
240 240 240 240 240 240 240 240 240 240 240 240 240 240 240 240
240 240 240 240 240 240 240 240 240 240 240 240 240 240 240 240
240 240 240 240 240 240 240 240 240 240 240 240 240 240 240 240
240 240 240 240 240 240 240 240 240 240 240 240 240 240 240 240

240 240 240 240 240 240 240 240 240 240 240 240 240 240 240 240
240  10 240 240 240 240 240 240 240 240 240 240 240 240 240 240
240 240 240  10 240 240 240 240 240 240 240 240 240 240 240 240
240 240 240 240 240  10 223 240 240 240 240 240 240 240 240 240
240 240 240 240 240 240 240   9  10 240 240 240 240 240 240 240
240 240 240 240 240 240  10  10  10 240 240 240 240 240 240 240
240 240 240 240  10  10  10 240 240 240 240 240 240 240 240 240
240  10  10  10 239 240 240 240 240 240 240 240 240 240 240 240
240  10 240 240 240 240 240 240 240 240 240 240 240 240 240 240
240 240 240 240 240 240 240 240 240 240 240 240 240 240 240 240
240 240 240 240 240 240 240 240 240 240 240 240 240 240 240 240
240 240 240 240 240 240 240 240 240 240 240 240 240 240 240 240
240 240 240 240 240 240 240 240 240 240 240 240 240 240 240 240
240 240 240 240 240 240 240 240 240 240 240 240 240 240 240 240
240 240 240 240 240 240 240 240 240 240 240 240 240 240 240 240
240 240 240 240 240 240 240 240 240 240 240 240 240 240 240 240
240 240 240 240 240 240 240 240 240 240 240 240 240 240 240 240
240  10 240 240 240 240 240 240 240 240 240 240 240 240 240 240
240 240 240  10 240 240 240 240 240 240 240 240 240 240 240 240
240 240 240 240 240  10 223 240 240 240 240 240 240 240 240 240
240 240 240 240 240 240 240   9  10 240 240 240 240 240 240 240
240 240 240 240 240 240  10  10  10 240 240 240 240 240 240 240
240 240 240 240  10  10  10 240 240 240 240 240 240 240 240 240
240  10  10  10 239 240 240 240 240 240 240 240 240 240 240 240
240  10 240 240 240 240 240 240 240 240 240 240 240 240 240 240
240 240 240 240 240 240 240 240 240 240 240 240 240 240 240 240
240 240 240 240 240 240 240 240 240 240 240 240 240 240 240 240
240 240 240 240 240 240 240 240 240 240 240 240 240 240 240 240
240 240 240 240 240 240 240 240 240 240 240 240 240 240 240 240
240 240 240 240 240 240 240 240 240 240 240 240 240 240 240 240
240 240 240 240 240 240 240 240 240 240 240 240 240 240 240 240
240 240 240 240 240 240 240 240 240 240 240 240 240 240 240 240
240 240 240 240 240 240 240 240 240 240 240 240 240 240 240 240
240  10 240 240 240 240 240 240 240 240 240 240 240 240 240 240
240 240 240  10 240 240 240 240 240 240 240 240 240 240 240 240
240 240 240 240 240  10 223 240 240 240 240 240 240 240 240 240
240 240 240 240 240 240 240   9  10 240 240 240 240 240 240 240
240 240 240 240 240 240  10  10  10 240 240 240 240 240 240 240
240 240 240 240  10  10  10 240 240 240 240 240 240 240 240 240
240  10  10  10 239 240 240 240 240 240 240 240 240 240 240 240
240  10 240 240 240 240 240 240 240 240 240 240 240 240 240 240
240 240 240 240 240 240 240 240 240 240 240 240 240 240 240 240
240 240 240 240 240 240 240 240 240 240 240 240 240 240 240 240
240 240 240 240 240 240 240 240 240 240 240 240 240 240 240 240
240 240 240 240 240 240 240 240 240 240 240 240 240 240 240 240
240 240 240 240 240 240 240 240 240 240 240 240 240 240 240 240
240 240 240 240 240 240 240 240 240 240 240 240 240 240 240 240
240 240 240 240 240 240 240 240 240 240 240 240 240 240 240 240
